array([[[0.70980394, 0.6745098 , 0.73333335, ..., 0.11372549,
         0.12156863, 0.16078432],
        [0.7411765 , 0.6745098 , 0.7137255 , ..., 0.10588235,
         0.11764706, 0.15294118],
        [0.6784314 , 0.7254902 , 0.7137255 , ..., 0.10196079,
         0.10980392, 0.13725491],
        ...,
        [0.16470589, 0.15294118, 0.15294118, ..., 0.27450982,
         0.28235295, 0.30588236],
        [0.16862746, 0.15686275, 0.15294118, ..., 0.37254903,
         0.3529412 , 0.38431373],
        [0.16078432, 0.16470589, 0.16470589, ..., 0.39607844,
         0.36862746, 0.41568628]],

       [[0.7607843 , 0.7254902 , 0.8       , ..., 0.12156863,
         0.12941177, 0.1764706 ],
        [0.79607844, 0.70980394, 0.78431374, ..., 0.11372549,
         0.1254902 , 0.16470589],
        [0.7137255 , 0.78039217, 0.78039217, ..., 0.10980392,
         0.11764706, 0.14901961],
        ...,
        [0.1764706 , 0.16470589, 0.16470589, ..., 0.29803923,
         0.30588236, 0.32941177],
        [0.18039216, 0.16862746, 0.16470589, ..., 0.40392157,
         0.3764706 , 0.41960785],
        [0.17254902, 0.1764706 , 0.1764706 , ..., 0.42745098,
         0.38431373, 0.4509804 ]],

       [[0.7529412 , 0.72156864, 0.7921569 , ..., 0.1254902 ,
         0.13333334, 0.18039216],
        [0.78431374, 0.7058824 , 0.78039217, ..., 0.11764706,
         0.1254902 , 0.16862746],
        [0.69411767, 0.78431374, 0.7764706 , ..., 0.10980392,
         0.12156863, 0.15294118],
        ...,
        [0.17254902, 0.16470589, 0.16470589, ..., 0.29803923,
         0.30588236, 0.33333334],
        [0.1764706 , 0.16470589, 0.16470589, ..., 0.40392157,
         0.3764706 , 0.41960785],
        [0.17254902, 0.1764706 , 0.1764706 , ..., 0.42745098,
         0.38039216, 0.4509804 ]],

       ...,

       [[0.77254903, 0.70980394, 0.7882353 , ..., 0.11764706,
         0.1254902 , 0.16862746],
        [0.78039217, 0.7058824 , 0.77254903, ..., 0.11372549,
         0.12156863, 0.15686275],
        [0.6745098 , 0.78431374, 0.75686276, ..., 0.10980392,
         0.11764706, 0.14509805],
        ...,
        [0.1764706 , 0.16470589, 0.16470589, ..., 0.32941177,
         0.32941177, 0.35686275],
        [0.1764706 , 0.16470589, 0.16078432, ..., 0.41568628,
         0.38039216, 0.42745098],
        [0.16862746, 0.1764706 , 0.1764706 , ..., 0.43137255,
         0.38431373, 0.4509804 ]],

       [[0.7647059 , 0.7137255 , 0.78039217, ..., 0.11764706,
         0.1254902 , 0.17254902],
        [0.7764706 , 0.7058824 , 0.75686276, ..., 0.11372549,
         0.12156863, 0.16078432],
        [0.69411767, 0.77254903, 0.73333335, ..., 0.10980392,
         0.11764706, 0.14509805],
        ...,
        [0.17254902, 0.16470589, 0.16470589, ..., 0.3254902 ,
         0.3254902 , 0.35686275],
        [0.1764706 , 0.16470589, 0.16078432, ..., 0.41568628,
         0.38039216, 0.42745098],
        [0.16862746, 0.1764706 , 0.17254902, ..., 0.42352942,
         0.3882353 , 0.44705883]],

       [[0.6784314 , 0.64705884, 0.68235296, ..., 0.10980392,
         0.12156863, 0.16470589],
        [0.6901961 , 0.64705884, 0.654902  , ..., 0.10196079,
         0.11372549, 0.15294118],
        [0.6392157 , 0.6901961 , 0.62352943, ..., 0.10196079,
         0.10980392, 0.13725491],
        ...,
        [0.15686275, 0.14901961, 0.14901961, ..., 0.2901961 ,
         0.29411766, 0.32156864],
        [0.16078432, 0.14901961, 0.14509805, ..., 0.36862746,
         0.34901962, 0.38431373],
        [0.15294118, 0.15686275, 0.15686275, ..., 0.3764706 ,
         0.36078432, 0.40392157]]], dtype=float32)