tensor([[[0.7216, 0.7294, 0.7373,  ..., 0.6588, 0.6863, 0.6941],
         [0.7765, 0.7843, 0.7922,  ..., 0.7059, 0.7333, 0.7412],
         [0.7765, 0.7804, 0.7922,  ..., 0.7059, 0.7294, 0.7373],
         ...,
         [0.7765, 0.7804, 0.7922,  ..., 0.7098, 0.7333, 0.7373],
         [0.7725, 0.7765, 0.7843,  ..., 0.7098, 0.7333, 0.7373],
         [0.6941, 0.6980, 0.7059,  ..., 0.6431, 0.6627, 0.6706]],

        [[0.7020, 0.6784, 0.6510,  ..., 0.6784, 0.6941, 0.7059],
         [0.7569, 0.7333, 0.7020,  ..., 0.7333, 0.7490, 0.7608],
         [0.7529, 0.7333, 0.6980,  ..., 0.7294, 0.7490, 0.7608],
         ...,
         [0.7529, 0.7294, 0.6941,  ..., 0.7294, 0.7451, 0.7608],
         [0.7451, 0.7137, 0.6784,  ..., 0.7294, 0.7451, 0.7569],
         [0.6549, 0.6275, 0.6039,  ..., 0.6588, 0.6745, 0.6824]],

        [[0.5490, 0.5216, 0.4980,  ..., 0.6902, 0.6980, 0.7255],
         [0.5686, 0.5412, 0.5216,  ..., 0.7412, 0.7529, 0.7804],
         [0.5608, 0.5333, 0.5216,  ..., 0.7412, 0.7490, 0.7765],
         ...,
         [0.5569, 0.5333, 0.5176,  ..., 0.7412, 0.7569, 0.7765],
         [0.5569, 0.5294, 0.5176,  ..., 0.7373, 0.7529, 0.7765],
         [0.5059, 0.4863, 0.4745,  ..., 0.6667, 0.6784, 0.7020]],

        ...,

        [[0.4118, 0.2078, 0.1255,  ..., 0.3137, 0.2392, 0.2314],
         [0.4431, 0.2431, 0.1373,  ..., 0.3216, 0.2275, 0.2549],
         [0.4353, 0.2549, 0.1412,  ..., 0.3176, 0.2235, 0.2588],
         ...,
         [0.3961, 0.2118, 0.1412,  ..., 0.2980, 0.2275, 0.2588],
         [0.4118, 0.2078, 0.1412,  ..., 0.2980, 0.2392, 0.2549],
         [0.3843, 0.1843, 0.1255,  ..., 0.2784, 0.2471, 0.2275]],

        [[0.4824, 0.4039, 0.1961,  ..., 0.3882, 0.3647, 0.3294],
         [0.5216, 0.4353, 0.2275,  ..., 0.4157, 0.4275, 0.3647],
         [0.5216, 0.4314, 0.2392,  ..., 0.4118, 0.4392, 0.3569],
         ...,
         [0.5020, 0.3843, 0.2039,  ..., 0.4196, 0.4431, 0.3294],
         [0.5059, 0.4000, 0.1961,  ..., 0.4235, 0.4235, 0.3294],
         [0.4588, 0.3765, 0.1765,  ..., 0.3804, 0.3490, 0.2902]],

        [[0.4863, 0.4863, 0.3882,  ..., 0.2941, 0.2706, 0.2588],
         [0.5216, 0.5255, 0.4157,  ..., 0.3176, 0.2627, 0.2627],
         [0.5216, 0.5216, 0.4157,  ..., 0.3176, 0.2471, 0.2510],
         ...,
         [0.5059, 0.5020, 0.3686,  ..., 0.3137, 0.2431, 0.2627],
         [0.5059, 0.5059, 0.3765,  ..., 0.3020, 0.2471, 0.2745],
         [0.4588, 0.4588, 0.3569,  ..., 0.2627, 0.2314, 0.2627]]])