tensor([[[0.7098, 0.7412, 0.6784,  ..., 0.1647, 0.1686, 0.1608],
         [0.6745, 0.6745, 0.7255,  ..., 0.1529, 0.1569, 0.1647],
         [0.7333, 0.7137, 0.7137,  ..., 0.1529, 0.1529, 0.1647],
         ...,
         [0.1137, 0.1059, 0.1020,  ..., 0.2745, 0.3725, 0.3961],
         [0.1216, 0.1176, 0.1098,  ..., 0.2824, 0.3529, 0.3686],
         [0.1608, 0.1529, 0.1373,  ..., 0.3059, 0.3843, 0.4157]],

        [[0.7608, 0.7961, 0.7137,  ..., 0.1765, 0.1804, 0.1725],
         [0.7255, 0.7098, 0.7804,  ..., 0.1647, 0.1686, 0.1765],
         [0.8000, 0.7843, 0.7804,  ..., 0.1647, 0.1647, 0.1765],
         ...,
         [0.1216, 0.1137, 0.1098,  ..., 0.2980, 0.4039, 0.4275],
         [0.1294, 0.1255, 0.1176,  ..., 0.3059, 0.3765, 0.3843],
         [0.1765, 0.1647, 0.1490,  ..., 0.3294, 0.4196, 0.4510]],

        [[0.7529, 0.7843, 0.6941,  ..., 0.1725, 0.1765, 0.1725],
         [0.7216, 0.7059, 0.7843,  ..., 0.1647, 0.1647, 0.1765],
         [0.7922, 0.7804, 0.7765,  ..., 0.1647, 0.1647, 0.1765],
         ...,
         [0.1255, 0.1176, 0.1098,  ..., 0.2980, 0.4039, 0.4275],
         [0.1333, 0.1255, 0.1216,  ..., 0.3059, 0.3765, 0.3804],
         [0.1804, 0.1686, 0.1529,  ..., 0.3333, 0.4196, 0.4510]],

        ...,

        [[0.7725, 0.7804, 0.6745,  ..., 0.1765, 0.1765, 0.1686],
         [0.7098, 0.7059, 0.7843,  ..., 0.1647, 0.1647, 0.1765],
         [0.7882, 0.7725, 0.7569,  ..., 0.1647, 0.1608, 0.1765],
         ...,
         [0.1176, 0.1137, 0.1098,  ..., 0.3294, 0.4157, 0.4314],
         [0.1255, 0.1216, 0.1176,  ..., 0.3294, 0.3804, 0.3843],
         [0.1686, 0.1569, 0.1451,  ..., 0.3569, 0.4275, 0.4510]],

        [[0.7647, 0.7765, 0.6941,  ..., 0.1725, 0.1765, 0.1686],
         [0.7137, 0.7059, 0.7725,  ..., 0.1647, 0.1647, 0.1765],
         [0.7804, 0.7569, 0.7333,  ..., 0.1647, 0.1608, 0.1725],
         ...,
         [0.1176, 0.1137, 0.1098,  ..., 0.3255, 0.4157, 0.4235],
         [0.1255, 0.1216, 0.1176,  ..., 0.3255, 0.3804, 0.3882],
         [0.1725, 0.1608, 0.1451,  ..., 0.3569, 0.4275, 0.4471]],

        [[0.6784, 0.6902, 0.6392,  ..., 0.1569, 0.1608, 0.1529],
         [0.6471, 0.6471, 0.6902,  ..., 0.1490, 0.1490, 0.1569],
         [0.6824, 0.6549, 0.6235,  ..., 0.1490, 0.1451, 0.1569],
         ...,
         [0.1098, 0.1020, 0.1020,  ..., 0.2902, 0.3686, 0.3765],
         [0.1216, 0.1137, 0.1098,  ..., 0.2941, 0.3490, 0.3608],
         [0.1647, 0.1529, 0.1373,  ..., 0.3216, 0.3843, 0.4039]]])