array([[[0.72156864, 0.7019608 , 0.54901963, ..., 0.4117647 ,
         0.48235294, 0.4862745 ],
        [0.7294118 , 0.6784314 , 0.52156866, ..., 0.20784314,
         0.40392157, 0.4862745 ],
        [0.7372549 , 0.6509804 , 0.49803922, ..., 0.1254902 ,
         0.19607843, 0.3882353 ],
        ...,
        [0.65882355, 0.6784314 , 0.6901961 , ..., 0.3137255 ,
         0.3882353 , 0.29411766],
        [0.6862745 , 0.69411767, 0.69803923, ..., 0.23921569,
         0.3647059 , 0.27058825],
        [0.69411767, 0.7058824 , 0.7254902 , ..., 0.23137255,
         0.32941177, 0.25882354]],

       [[0.7764706 , 0.75686276, 0.5686275 , ..., 0.44313726,
         0.52156866, 0.52156866],
        [0.78431374, 0.73333335, 0.5411765 , ..., 0.24313726,
         0.43529412, 0.5254902 ],
        [0.7921569 , 0.7019608 , 0.52156866, ..., 0.13725491,
         0.22745098, 0.41568628],
        ...,
        [0.7058824 , 0.73333335, 0.7411765 , ..., 0.32156864,
         0.41568628, 0.31764707],
        [0.73333335, 0.7490196 , 0.7529412 , ..., 0.22745098,
         0.42745098, 0.2627451 ],
        [0.7411765 , 0.7607843 , 0.78039217, ..., 0.25490198,
         0.3647059 , 0.2627451 ]],

       [[0.7764706 , 0.7529412 , 0.56078434, ..., 0.43529412,
         0.52156866, 0.52156866],
        [0.78039217, 0.73333335, 0.53333336, ..., 0.25490198,
         0.43137255, 0.52156866],
        [0.7921569 , 0.69803923, 0.52156866, ..., 0.14117648,
         0.23921569, 0.41568628],
        ...,
        [0.7058824 , 0.7294118 , 0.7411765 , ..., 0.31764707,
         0.4117647 , 0.31764707],
        [0.7294118 , 0.7490196 , 0.7490196 , ..., 0.22352941,
         0.4392157 , 0.24705882],
        [0.7372549 , 0.7607843 , 0.7764706 , ..., 0.25882354,
         0.35686275, 0.2509804 ]],

       ...,

       [[0.7764706 , 0.7529412 , 0.5568628 , ..., 0.39607844,
         0.5019608 , 0.5058824 ],
        [0.78039217, 0.7294118 , 0.53333336, ..., 0.21176471,
         0.38431373, 0.5019608 ],
        [0.7921569 , 0.69411767, 0.5176471 , ..., 0.14117648,
         0.20392157, 0.36862746],
        ...,
        [0.70980394, 0.7294118 , 0.7411765 , ..., 0.29803923,
         0.41960785, 0.3137255 ],
        [0.73333335, 0.74509805, 0.75686276, ..., 0.22745098,
         0.44313726, 0.24313726],
        [0.7372549 , 0.7607843 , 0.7764706 , ..., 0.25882354,
         0.32941177, 0.2627451 ]],

       [[0.77254903, 0.74509805, 0.5568628 , ..., 0.4117647 ,
         0.5058824 , 0.5058824 ],
        [0.7764706 , 0.7137255 , 0.5294118 , ..., 0.20784314,
         0.4       , 0.5058824 ],
        [0.78431374, 0.6784314 , 0.5176471 , ..., 0.14117648,
         0.19607843, 0.3764706 ],
        ...,
        [0.70980394, 0.7294118 , 0.7372549 , ..., 0.29803923,
         0.42352942, 0.3019608 ],
        [0.73333335, 0.74509805, 0.7529412 , ..., 0.23921569,
         0.42352942, 0.24705882],
        [0.7372549 , 0.75686276, 0.7764706 , ..., 0.25490198,
         0.32941177, 0.27450982]],

       [[0.69411767, 0.654902  , 0.5058824 , ..., 0.38431373,
         0.45882353, 0.45882353],
        [0.69803923, 0.627451  , 0.4862745 , ..., 0.18431373,
         0.3764706 , 0.45882353],
        [0.7058824 , 0.6039216 , 0.4745098 , ..., 0.1254902 ,
         0.1764706 , 0.35686275],
        ...,
        [0.6431373 , 0.65882355, 0.6666667 , ..., 0.2784314 ,
         0.38039216, 0.2627451 ],
        [0.6627451 , 0.6745098 , 0.6784314 , ..., 0.24705882,
         0.34901962, 0.23137255],
        [0.67058825, 0.68235296, 0.7019608 , ..., 0.22745098,
         0.2901961 , 0.2627451 ]]], dtype=float32)