0001.png.tiff (256,256,1)
0002.png.tiff (256,256,1)
0003.png.tiff (256,256,1)
0004.png.tiff (256,256,1)
0005.png.tiff (256,256,1)
0006.png.tiff (256,256,1)
0007.png.tiff (256,256,1)
0008.png.tiff (256,256,1)
0009.png.tiff (256,256,1)
0010.png.tiff (256,256,1)
0011.png.tiff (256,256,1)
0012.png.tiff (256,256,1)
0013.png.tiff (256,256,1)
0014.png.tiff (256,256,1)
0015.png.tiff (256,256,1)
0016.png.tiff (256,256,1)
0017.png.tiff (256,256,1)
0018.png.tiff (256,256,1)
0019.png.tiff (256,256,1)
0020.png.tiff (256,256,1)
0021.png.tiff (256,256,1)
0022.png.tiff (256,256,1)
0023.png.tiff (256,256,1)
0024.png.tiff (256,256,1)
0025.png.tiff (256,256,1)
0026.png.tiff (256,256,1)
0027.png.tiff (256,256,1)
0028.png.tiff (256,256,1)
0029.png.tiff (256,256,1)
0030.png.tiff (256,256,1)
0031.png.tiff (256,256,1)
0032.png.tiff (256,256,1)
0033.png.tiff (256,256,1)
0034.png.tiff (256,256,1)
0035.png.tiff (256,256,1)
0036.png.tiff (256,256,1)
0037.png.tiff (256,256,1)
0038.png.tiff (256,256,1)
0039.png.tiff (256,256,1)
0040.png.tiff (256,256,1)
0041.png.tiff (256,256,1)
0042.png.tiff (256,256,1)
0043.png.tiff (256,256,1)
0044.png.tiff (256,256,1)
0045.png.tiff (256,256,1)
0046.png.tiff (256,256,1)
0047.png.tiff (256,256,1)
0048.png.tiff (256,256,1)
0049.png.tiff (256,256,1)
0050.png.tiff (256,256,1)
0051.png.tiff (256,256,1)
0052.png.tiff (256,256,1)
0053.png.tiff (256,256,1)
0054.png.tiff (256,256,1)
0055.png.tiff (256,256,1)
0056.png.tiff (256,256,1)
0057.png.tiff (256,256,1)
0058.png.tiff (256,256,1)
0059.png.tiff (256,256,1)
0060.png.tiff (256,256,1)
0061.png.tiff (256,256,1)
0062.png.tiff (256,256,1)
0063.png.tiff (256,256,1)
0064.png.tiff (256,256,1)
0065.png.tiff (256,256,1)
0066.png.tiff (256,256,1)
0067.png.tiff (256,256,1)
0068.png.tiff (256,256,1)
0069.png.tiff (256,256,1)
0070.png.tiff (256,256,1)
0071.png.tiff (256,256,1)
0072.png.tiff (256,256,1)
0073.png.tiff (256,256,1)
0074.png.tiff (256,256,1)
0075.png.tiff (256,256,1)
0076.png.tiff (256,256,1)
0077.png.tiff (256,256,1)
0078.png.tiff (256,256,1)
0079.png.tiff (256,256,1)
0080.png.tiff (256,256,1)
0081.png.tiff (256,256,1)
0082.png.tiff (256,256,1)
0083.png.tiff (256,256,1)
0084.png.tiff (256,256,1)
0085.png.tiff (256,256,1)
0086.png.tiff (256,256,1)
0087.png.tiff (256,256,1)
0088.png.tiff (256,256,1)
0089.png.tiff (256,256,1)
0090.png.tiff (256,256,1)
0091.png.tiff (256,256,1)
0092.png.tiff (256,256,1)
0093.png.tiff (256,256,1)
0094.png.tiff (256,256,1)
0095.png.tiff (256,256,1)
0096.png.tiff (256,256,1)
0097.png.tiff (256,256,1)
0098.png.tiff (256,256,1)
0099.png.tiff (256,256,1)
0100.png.tiff (256,256,1)
0101.png.tiff (256,256,1)
0102.png.tiff (256,256,1)
0103.png.tiff (256,256,1)
0104.png.tiff (256,256,1)
0105.png.tiff (256,256,1)
0106.png.tiff (256,256,1)
0107.png.tiff (256,256,1)
0108.png.tiff (256,256,1)
0109.png.tiff (256,256,1)
0110.png.tiff (256,256,1)
0111.png.tiff (256,256,1)
0112.png.tiff (256,256,1)
0113.png.tiff (256,256,1)
0114.png.tiff (256,256,1)
0115.png.tiff (256,256,1)
0116.png.tiff (256,256,1)
0117.png.tiff (256,256,1)
0118.png.tiff (256,256,1)
0119.png.tiff (256,256,1)
0120.png.tiff (256,256,1)
0121.png.tiff (256,256,1)
0122.png.tiff (256,256,1)
0123.png.tiff (256,256,1)
0124.png.tiff (256,256,1)
0125.png.tiff (256,256,1)
0126.png.tiff (256,256,1)
0127.png.tiff (256,256,1)
0128.png.tiff (256,256,1)
0129.png.tiff (256,256,1)
0130.png.tiff (256,256,1)
0131.png.tiff (256,256,1)
0132.png.tiff (256,256,1)
0133.png.tiff (256,256,1)
0134.png.tiff (256,256,1)
0135.png.tiff (256,256,1)
0136.png.tiff (256,256,1)
0137.png.tiff (256,256,1)
0138.png.tiff (256,256,1)
0139.png.tiff (256,256,1)
0140.png.tiff (256,256,1)
0141.png.tiff (256,256,1)
0142.png.tiff (256,256,1)
0143.png.tiff (256,256,1)
0144.png.tiff (256,256,1)
0145.png.tiff (256,256,1)
0146.png.tiff (256,256,1)
0147.png.tiff (256,256,1)
0148.png.tiff (256,256,1)
0149.png.tiff (256,256,1)
0150.png.tiff (256,256,1)
0151.png.tiff (256,256,1)
0152.png.tiff (256,256,1)
0153.png.tiff (256,256,1)
0154.png.tiff (256,256,1)
0155.png.tiff (256,256,1)
0156.png.tiff (256,256,1)
0157.png.tiff (256,256,1)
0158.png.tiff (256,256,1)
0159.png.tiff (256,256,1)
0160.png.tiff (256,256,1)
0161.png.tiff (256,256,1)
0162.png.tiff (256,256,1)
0163.png.tiff (256,256,1)
0164.png.tiff (256,256,1)
0165.png.tiff (256,256,1)
0166.png.tiff (256,256,1)
0167.png.tiff (256,256,1)
0168.png.tiff (256,256,1)
0169.png.tiff (256,256,1)
0170.png.tiff (256,256,1)
0171.png.tiff (256,256,1)
0172.png.tiff (256,256,1)
0173.png.tiff (256,256,1)
0174.png.tiff (256,256,1)
0175.png.tiff (256,256,1)
0176.png.tiff (256,256,1)
0177.png.tiff (256,256,1)
0178.png.tiff (256,256,1)
0179.png.tiff (256,256,1)
0180.png.tiff (256,256,1)
0181.png.tiff (256,256,1)
0182.png.tiff (256,256,1)
0183.png.tiff (256,256,1)
0184.png.tiff (256,256,1)
0185.png.tiff (256,256,1)
0186.png.tiff (256,256,1)
0187.png.tiff (256,256,1)
0188.png.tiff (256,256,1)
0189.png.tiff (256,256,1)
0190.png.tiff (256,256,1)
0191.png.tiff (256,256,1)
0192.png.tiff (256,256,1)
0193.png.tiff (256,256,1)
0194.png.tiff (256,256,1)
0195.png.tiff (256,256,1)
0196.png.tiff (256,256,1)
0197.png.tiff (256,256,1)
0198.png.tiff (256,256,1)
0199.png.tiff (256,256,1)
0200.png.tiff (256,256,1)
0201.png.tiff (256,256,1)
0202.png.tiff (256,256,1)
0203.png.tiff (256,256,1)
0204.png.tiff (256,256,1)
0205.png.tiff (256,256,1)
0206.png.tiff (256,256,1)
0207.png.tiff (256,256,1)
0208.png.tiff (256,256,1)
0209.png.tiff (256,256,1)
0210.png.tiff (256,256,1)
0211.png.tiff (256,256,1)
0212.png.tiff (256,256,1)
0213.png.tiff (256,256,1)
0214.png.tiff (256,256,1)
0215.png.tiff (256,256,1)
0216.png.tiff (256,256,1)
0217.png.tiff (256,256,1)
0218.png.tiff (256,256,1)
0219.png.tiff (256,256,1)
0220.png.tiff (256,256,1)
0221.png.tiff (256,256,1)
0222.png.tiff (256,256,1)
0223.png.tiff (256,256,1)
0224.png.tiff (256,256,1)
0225.png.tiff (256,256,1)
0226.png.tiff (256,256,1)
0227.png.tiff (256,256,1)
0228.png.tiff (256,256,1)
0229.png.tiff (256,256,1)
0230.png.tiff (256,256,1)
0231.png.tiff (256,256,1)
0232.png.tiff (256,256,1)
0233.png.tiff (256,256,1)
0234.png.tiff (256,256,1)
0235.png.tiff (256,256,1)
0236.png.tiff (256,256,1)
0237.png.tiff (256,256,1)
0238.png.tiff (256,256,1)
0239.png.tiff (256,256,1)
0240.png.tiff (256,256,1)
0241.png.tiff (256,256,1)
0242.png.tiff (256,256,1)
0243.png.tiff (256,256,1)
0244.png.tiff (256,256,1)
0245.png.tiff (256,256,1)
0246.png.tiff (256,256,1)
0247.png.tiff (256,256,1)
0248.png.tiff (256,256,1)
0249.png.tiff (256,256,1)
0250.png.tiff (256,256,1)
0251.png.tiff (256,256,1)
0252.png.tiff (256,256,1)
0253.png.tiff (256,256,1)
0254.png.tiff (256,256,1)
0255.png.tiff (256,256,1)
0256.png.tiff (256,256,1)
0257.png.tiff (256,256,1)
0258.png.tiff (256,256,1)
0259.png.tiff (256,256,1)
0260.png.tiff (256,256,1)
0261.png.tiff (256,256,1)
0262.png.tiff (256,256,1)
0263.png.tiff (256,256,1)
0264.png.tiff (256,256,1)
0265.png.tiff (256,256,1)
0266.png.tiff (256,256,1)
0267.png.tiff (256,256,1)
0268.png.tiff (256,256,1)
0269.png.tiff (256,256,1)
0270.png.tiff (256,256,1)
0271.png.tiff (256,256,1)
0272.png.tiff (256,256,1)
0273.png.tiff (256,256,1)
0274.png.tiff (256,256,1)
0275.png.tiff (256,256,1)
0276.png.tiff (256,256,1)
0277.png.tiff (256,256,1)
0278.png.tiff (256,256,1)
0279.png.tiff (256,256,1)
0280.png.tiff (256,256,1)
0281.png.tiff (256,256,1)
0282.png.tiff (256,256,1)
0283.png.tiff (256,256,1)
0284.png.tiff (256,256,1)
0285.png.tiff (256,256,1)
0286.png.tiff (256,256,1)
0287.png.tiff (256,256,1)
0288.png.tiff (256,256,1)
0289.png.tiff (256,256,1)
0290.png.tiff (256,256,1)
0291.png.tiff (256,256,1)
0292.png.tiff (256,256,1)
0293.png.tiff (256,256,1)
0294.png.tiff (256,256,1)
0295.png.tiff (256,256,1)
0296.png.tiff (256,256,1)
0297.png.tiff (256,256,1)
0298.png.tiff (256,256,1)
0299.png.tiff (256,256,1)
0300.png.tiff (256,256,1)
0301.png.tiff (256,256,1)
0302.png.tiff (256,256,1)
0303.png.tiff (256,256,1)
0304.png.tiff (256,256,1)
0305.png.tiff (256,256,1)
0306.png.tiff (256,256,1)
0307.png.tiff (256,256,1)
0308.png.tiff (256,256,1)
0309.png.tiff (256,256,1)
0310.png.tiff (256,256,1)
0311.png.tiff (256,256,1)
0312.png.tiff (256,256,1)
0313.png.tiff (256,256,1)
0314.png.tiff (256,256,1)
0315.png.tiff (256,256,1)
0316.png.tiff (256,256,1)
0317.png.tiff (256,256,1)
0318.png.tiff (256,256,1)
0319.png.tiff (256,256,1)
0320.png.tiff (256,256,1)
0321.png.tiff (256,256,1)
0322.png.tiff (256,256,1)
0323.png.tiff (256,256,1)
0324.png.tiff (256,256,1)
0325.png.tiff (256,256,1)
0326.png.tiff (256,256,1)
0327.png.tiff (256,256,1)
0328.png.tiff (256,256,1)
0329.png.tiff (256,256,1)
0330.png.tiff (256,256,1)
0331.png.tiff (256,256,1)
0332.png.tiff (256,256,1)
0333.png.tiff (256,256,1)
0334.png.tiff (256,256,1)
0335.png.tiff (256,256,1)
0336.png.tiff (256,256,1)
0337.png.tiff (256,256,1)
0338.png.tiff (256,256,1)
0339.png.tiff (256,256,1)
0340.png.tiff (256,256,1)
0341.png.tiff (256,256,1)
0342.png.tiff (256,256,1)
0343.png.tiff (256,256,1)
0344.png.tiff (256,256,1)
0345.png.tiff (256,256,1)
0346.png.tiff (256,256,1)
0347.png.tiff (256,256,1)
0348.png.tiff (256,256,1)
0349.png.tiff (256,256,1)
0350.png.tiff (256,256,1)
0351.png.tiff (256,256,1)
0352.png.tiff (256,256,1)
0353.png.tiff (256,256,1)
0354.png.tiff (256,256,1)
0355.png.tiff (256,256,1)
0356.png.tiff (256,256,1)
0357.png.tiff (256,256,1)
0358.png.tiff (256,256,1)
0359.png.tiff (256,256,1)
0360.png.tiff (256,256,1)
0361.png.tiff (256,256,1)
0362.png.tiff (256,256,1)
0363.png.tiff (256,256,1)
0364.png.tiff (256,256,1)
0365.png.tiff (256,256,1)
0366.png.tiff (256,256,1)
0367.png.tiff (256,256,1)
0368.png.tiff (256,256,1)
0369.png.tiff (256,256,1)
0370.png.tiff (256,256,1)
0371.png.tiff (256,256,1)
0372.png.tiff (256,256,1)
0373.png.tiff (256,256,1)
0374.png.tiff (256,256,1)
0375.png.tiff (256,256,1)
0376.png.tiff (256,256,1)
0377.png.tiff (256,256,1)
0378.png.tiff (256,256,1)
0379.png.tiff (256,256,1)
0380.png.tiff (256,256,1)
0381.png.tiff (256,256,1)
0382.png.tiff (256,256,1)
0383.png.tiff (256,256,1)
0384.png.tiff (256,256,1)
0385.png.tiff (256,256,1)
0386.png.tiff (256,256,1)
0387.png.tiff (256,256,1)
0388.png.tiff (256,256,1)
0389.png.tiff (256,256,1)
0390.png.tiff (256,256,1)
0391.png.tiff (256,256,1)
0392.png.tiff (256,256,1)
0393.png.tiff (256,256,1)
0394.png.tiff (256,256,1)
0395.png.tiff (256,256,1)
0396.png.tiff (256,256,1)
0397.png.tiff (256,256,1)
0398.png.tiff (256,256,1)
0399.png.tiff (256,256,1)
0400.png.tiff (256,256,1)
0401.png.tiff (256,256,1)
0402.png.tiff (256,256,1)
0403.png.tiff (256,256,1)
0404.png.tiff (256,256,1)
0405.png.tiff (256,256,1)
0406.png.tiff (256,256,1)
0407.png.tiff (256,256,1)
0408.png.tiff (256,256,1)
0409.png.tiff (256,256,1)
0410.png.tiff (256,256,1)
0411.png.tiff (256,256,1)
0412.png.tiff (256,256,1)
0413.png.tiff (256,256,1)
0414.png.tiff (256,256,1)
0415.png.tiff (256,256,1)
0416.png.tiff (256,256,1)
0417.png.tiff (256,256,1)
0418.png.tiff (256,256,1)
0419.png.tiff (256,256,1)
0420.png.tiff (256,256,1)
0421.png.tiff (256,256,1)
0422.png.tiff (256,256,1)
0423.png.tiff (256,256,1)
0424.png.tiff (256,256,1)
0425.png.tiff (256,256,1)
0426.png.tiff (256,256,1)
0427.png.tiff (256,256,1)
0428.png.tiff (256,256,1)
0429.png.tiff (256,256,1)
0430.png.tiff (256,256,1)
0431.png.tiff (256,256,1)
0432.png.tiff (256,256,1)
0433.png.tiff (256,256,1)
0434.png.tiff (256,256,1)
0435.png.tiff (256,256,1)
0436.png.tiff (256,256,1)
0437.png.tiff (256,256,1)
0438.png.tiff (256,256,1)
0439.png.tiff (256,256,1)
0440.png.tiff (256,256,1)
0441.png.tiff (256,256,1)
0442.png.tiff (256,256,1)
0443.png.tiff (256,256,1)
0444.png.tiff (256,256,1)
0445.png.tiff (256,256,1)
0446.png.tiff (256,256,1)
0447.png.tiff (256,256,1)
0448.png.tiff (256,256,1)
0449.png.tiff (256,256,1)
0450.png.tiff (256,256,1)
0451.png.tiff (256,256,1)
0452.png.tiff (256,256,1)
0453.png.tiff (256,256,1)
0454.png.tiff (256,256,1)
0455.png.tiff (256,256,1)
0456.png.tiff (256,256,1)
0457.png.tiff (256,256,1)
0458.png.tiff (256,256,1)
0459.png.tiff (256,256,1)
0460.png.tiff (256,256,1)
0461.png.tiff (256,256,1)
0462.png.tiff (256,256,1)
0463.png.tiff (256,256,1)
0464.png.tiff (256,256,1)
0465.png.tiff (256,256,1)
0466.png.tiff (256,256,1)
0467.png.tiff (256,256,1)
0468.png.tiff (256,256,1)
0469.png.tiff (256,256,1)
0470.png.tiff (256,256,1)
0471.png.tiff (256,256,1)
0472.png.tiff (256,256,1)
0473.png.tiff (256,256,1)
0474.png.tiff (256,256,1)
0475.png.tiff (256,256,1)
0476.png.tiff (256,256,1)
0477.png.tiff (256,256,1)
0478.png.tiff (256,256,1)
0479.png.tiff (256,256,1)
0480.png.tiff (256,256,1)
0481.png.tiff (256,256,1)
0482.png.tiff (256,256,1)
0483.png.tiff (256,256,1)
0484.png.tiff (256,256,1)
0485.png.tiff (256,256,1)
0486.png.tiff (256,256,1)
0487.png.tiff (256,256,1)
0488.png.tiff (256,256,1)
0489.png.tiff (256,256,1)
0490.png.tiff (256,256,1)
0491.png.tiff (256,256,1)
0492.png.tiff (256,256,1)
0493.png.tiff (256,256,1)
0494.png.tiff (256,256,1)
0495.png.tiff (256,256,1)
0496.png.tiff (256,256,1)
0497.png.tiff (256,256,1)
0498.png.tiff (256,256,1)
0499.png.tiff (256,256,1)
0500.png.tiff (256,256,1)
0501.png.tiff (256,256,1)
0502.png.tiff (256,256,1)
0503.png.tiff (256,256,1)
0504.png.tiff (256,256,1)
0505.png.tiff (256,256,1)
0506.png.tiff (256,256,1)
0507.png.tiff (256,256,1)
0508.png.tiff (256,256,1)
0509.png.tiff (256,256,1)
0510.png.tiff (256,256,1)
0511.png.tiff (256,256,1)
0512.png.tiff (256,256,1)
0513.png.tiff (256,256,1)
0514.png.tiff (256,256,1)
0515.png.tiff (256,256,1)
0516.png.tiff (256,256,1)
0517.png.tiff (256,256,1)
0518.png.tiff (256,256,1)
0519.png.tiff (256,256,1)
0520.png.tiff (256,256,1)
0521.png.tiff (256,256,1)
0522.png.tiff (256,256,1)
0523.png.tiff (256,256,1)
0524.png.tiff (256,256,1)
0525.png.tiff (256,256,1)
0526.png.tiff (256,256,1)
0527.png.tiff (256,256,1)
0528.png.tiff (256,256,1)
0529.png.tiff (256,256,1)
0530.png.tiff (256,256,1)
0531.png.tiff (256,256,1)
0532.png.tiff (256,256,1)
0533.png.tiff (256,256,1)
0534.png.tiff (256,256,1)
0535.png.tiff (256,256,1)
0536.png.tiff (256,256,1)
0537.png.tiff (256,256,1)
0538.png.tiff (256,256,1)
0539.png.tiff (256,256,1)
0540.png.tiff (256,256,1)
0541.png.tiff (256,256,1)
0542.png.tiff (256,256,1)
0543.png.tiff (256,256,1)
0544.png.tiff (256,256,1)
0545.png.tiff (256,256,1)
0546.png.tiff (256,256,1)
0547.png.tiff (256,256,1)
0548.png.tiff (256,256,1)
0549.png.tiff (256,256,1)
0550.png.tiff (256,256,1)
0551.png.tiff (256,256,1)
0552.png.tiff (256,256,1)
0553.png.tiff (256,256,1)
0554.png.tiff (256,256,1)
0555.png.tiff (256,256,1)
0556.png.tiff (256,256,1)
0557.png.tiff (256,256,1)
0558.png.tiff (256,256,1)
0559.png.tiff (256,256,1)
0560.png.tiff (256,256,1)
0561.png.tiff (256,256,1)
0562.png.tiff (256,256,1)
0563.png.tiff (256,256,1)
0564.png.tiff (256,256,1)
0565.png.tiff (256,256,1)
0566.png.tiff (256,256,1)
0567.png.tiff (256,256,1)
0568.png.tiff (256,256,1)
0569.png.tiff (256,256,1)
0570.png.tiff (256,256,1)
0571.png.tiff (256,256,1)
0572.png.tiff (256,256,1)
0573.png.tiff (256,256,1)
0574.png.tiff (256,256,1)
0575.png.tiff (256,256,1)
0576.png.tiff (256,256,1)
0577.png.tiff (256,256,1)
0578.png.tiff (256,256,1)
0579.png.tiff (256,256,1)
0580.png.tiff (256,256,1)
0581.png.tiff (256,256,1)
0582.png.tiff (256,256,1)
0583.png.tiff (256,256,1)
0584.png.tiff (256,256,1)
0585.png.tiff (256,256,1)
0586.png.tiff (256,256,1)
0587.png.tiff (256,256,1)
0588.png.tiff (256,256,1)
0589.png.tiff (256,256,1)
0590.png.tiff (256,256,1)
0591.png.tiff (256,256,1)
0592.png.tiff (256,256,1)
0593.png.tiff (256,256,1)
0594.png.tiff (256,256,1)
0595.png.tiff (256,256,1)
0596.png.tiff (256,256,1)
0597.png.tiff (256,256,1)
0598.png.tiff (256,256,1)
0599.png.tiff (256,256,1)
0600.png.tiff (256,256,1)
0601.png.tiff (256,256,1)
0602.png.tiff (256,256,1)
0603.png.tiff (256,256,1)
0604.png.tiff (256,256,1)
0605.png.tiff (256,256,1)
0606.png.tiff (256,256,1)
0607.png.tiff (256,256,1)
0608.png.tiff (256,256,1)
0609.png.tiff (256,256,1)
0610.png.tiff (256,256,1)
0611.png.tiff (256,256,1)
0612.png.tiff (256,256,1)
0613.png.tiff (256,256,1)
0614.png.tiff (256,256,1)
0615.png.tiff (256,256,1)
0616.png.tiff (256,256,1)
0617.png.tiff (256,256,1)
0618.png.tiff (256,256,1)
0619.png.tiff (256,256,1)
0620.png.tiff (256,256,1)
0621.png.tiff (256,256,1)
0622.png.tiff (256,256,1)
0623.png.tiff (256,256,1)
0624.png.tiff (256,256,1)
0625.png.tiff (256,256,1)
0626.png.tiff (256,256,1)
0627.png.tiff (256,256,1)
0628.png.tiff (256,256,1)
0629.png.tiff (256,256,1)
0630.png.tiff (256,256,1)
0631.png.tiff (256,256,1)
0632.png.tiff (256,256,1)
0633.png.tiff (256,256,1)
0634.png.tiff (256,256,1)
0635.png.tiff (256,256,1)
0636.png.tiff (256,256,1)
0637.png.tiff (256,256,1)
0638.png.tiff (256,256,1)
0639.png.tiff (256,256,1)
0640.png.tiff (256,256,1)
0641.png.tiff (256,256,1)
0642.png.tiff (256,256,1)
0643.png.tiff (256,256,1)
0644.png.tiff (256,256,1)
0645.png.tiff (256,256,1)
0646.png.tiff (256,256,1)
0647.png.tiff (256,256,1)
0648.png.tiff (256,256,1)
0649.png.tiff (256,256,1)
0650.png.tiff (256,256,1)
0651.png.tiff (256,256,1)
0652.png.tiff (256,256,1)
0653.png.tiff (256,256,1)
0654.png.tiff (256,256,1)
0655.png.tiff (256,256,1)
0656.png.tiff (256,256,1)
0657.png.tiff (256,256,1)
0658.png.tiff (256,256,1)
0659.png.tiff (256,256,1)
0660.png.tiff (256,256,1)
0661.png.tiff (256,256,1)
0662.png.tiff (256,256,1)
0663.png.tiff (256,256,1)
0664.png.tiff (256,256,1)
0665.png.tiff (256,256,1)
0666.png.tiff (256,256,1)
0667.png.tiff (256,256,1)
0668.png.tiff (256,256,1)
0669.png.tiff (256,256,1)
0670.png.tiff (256,256,1)
0671.png.tiff (256,256,1)
0672.png.tiff (256,256,1)
0673.png.tiff (256,256,1)
0674.png.tiff (256,256,1)
0675.png.tiff (256,256,1)
0676.png.tiff (256,256,1)
0677.png.tiff (256,256,1)
0678.png.tiff (256,256,1)
0679.png.tiff (256,256,1)
0680.png.tiff (256,256,1)
0681.png.tiff (256,256,1)
0682.png.tiff (256,256,1)
0683.png.tiff (256,256,1)
0684.png.tiff (256,256,1)
0685.png.tiff (256,256,1)
0686.png.tiff (256,256,1)
0687.png.tiff (256,256,1)
0688.png.tiff (256,256,1)
0689.png.tiff (256,256,1)
0690.png.tiff (256,256,1)
0691.png.tiff (256,256,1)
0692.png.tiff (256,256,1)
0693.png.tiff (256,256,1)
0694.png.tiff (256,256,1)
0695.png.tiff (256,256,1)
0696.png.tiff (256,256,1)
0697.png.tiff (256,256,1)
0698.png.tiff (256,256,1)
0699.png.tiff (256,256,1)
0700.png.tiff (256,256,1)
0701.png.tiff (256,256,1)
0702.png.tiff (256,256,1)
0703.png.tiff (256,256,1)
0704.png.tiff (256,256,1)
0705.png.tiff (256,256,1)
0706.png.tiff (256,256,1)
0707.png.tiff (256,256,1)
0708.png.tiff (256,256,1)
0709.png.tiff (256,256,1)
0710.png.tiff (256,256,1)
0711.png.tiff (256,256,1)
0712.png.tiff (256,256,1)
0713.png.tiff (256,256,1)
0714.png.tiff (256,256,1)
0715.png.tiff (256,256,1)
0716.png.tiff (256,256,1)
0717.png.tiff (256,256,1)
0718.png.tiff (256,256,1)
0719.png.tiff (256,256,1)
0720.png.tiff (256,256,1)
0721.png.tiff (256,256,1)
0722.png.tiff (256,256,1)
0723.png.tiff (256,256,1)
0724.png.tiff (256,256,1)
0725.png.tiff (256,256,1)
0726.png.tiff (256,256,1)
0727.png.tiff (256,256,1)
0728.png.tiff (256,256,1)
0729.png.tiff (256,256,1)
0730.png.tiff (256,256,1)
0731.png.tiff (256,256,1)
0732.png.tiff (256,256,1)
0733.png.tiff (256,256,1)
0734.png.tiff (256,256,1)
0735.png.tiff (256,256,1)
0736.png.tiff (256,256,1)
0737.png.tiff (256,256,1)
0738.png.tiff (256,256,1)
0739.png.tiff (256,256,1)
0740.png.tiff (256,256,1)
0741.png.tiff (256,256,1)
0742.png.tiff (256,256,1)
0743.png.tiff (256,256,1)
0744.png.tiff (256,256,1)
0745.png.tiff (256,256,1)
0746.png.tiff (256,256,1)
0747.png.tiff (256,256,1)
0748.png.tiff (256,256,1)
0749.png.tiff (256,256,1)
0750.png.tiff (256,256,1)
0751.png.tiff (256,256,1)
0752.png.tiff (256,256,1)
0753.png.tiff (256,256,1)
0754.png.tiff (256,256,1)
0755.png.tiff (256,256,1)
0756.png.tiff (256,256,1)
0757.png.tiff (256,256,1)
0758.png.tiff (256,256,1)
0759.png.tiff (256,256,1)
0760.png.tiff (256,256,1)
0761.png.tiff (256,256,1)
0762.png.tiff (256,256,1)
0763.png.tiff (256,256,1)
0764.png.tiff (256,256,1)
0765.png.tiff (256,256,1)
0766.png.tiff (256,256,1)
0767.png.tiff (256,256,1)
0768.png.tiff (256,256,1)
0769.png.tiff (256,256,1)
0770.png.tiff (256,256,1)
0771.png.tiff (256,256,1)
0772.png.tiff (256,256,1)
0773.png.tiff (256,256,1)
0774.png.tiff (256,256,1)
0775.png.tiff (256,256,1)
0776.png.tiff (256,256,1)
0777.png.tiff (256,256,1)
0778.png.tiff (256,256,1)
0779.png.tiff (256,256,1)
0780.png.tiff (256,256,1)
0781.png.tiff (256,256,1)
0782.png.tiff (256,256,1)
0783.png.tiff (256,256,1)
0784.png.tiff (256,256,1)
0785.png.tiff (256,256,1)
0786.png.tiff (256,256,1)
0787.png.tiff (256,256,1)
0788.png.tiff (256,256,1)
0789.png.tiff (256,256,1)
0790.png.tiff (256,256,1)
0791.png.tiff (256,256,1)
0792.png.tiff (256,256,1)
0793.png.tiff (256,256,1)
0794.png.tiff (256,256,1)
0795.png.tiff (256,256,1)
0796.png.tiff (256,256,1)
0797.png.tiff (256,256,1)
0798.png.tiff (256,256,1)
0799.png.tiff (256,256,1)
0800.png.tiff (256,256,1)
